1 81
2 27
2 136
2 129
2 45
27 13
27 102
27 29
27 134
27 30
27 51
136 49
136 64
136 116
129 45
129 168
3 182
3 171
3 122
182 122
182 171
171 122
4 179
4 123
4 148
179 63
179 123
179 148
123 148
5 170
5 65
5 87
5 101
170 65
170 101
65 101
87 11
87 74
87 97
87 154
101 159
101 102
6 178
6 60
6 105
178 60
178 105
60 105
105 70
7 125
7 169
7 38
125 38
125 52
125 169
169 38
169 165
8 156
8 120
8 185
8 128
156 120
156 152
156 185
120 185
185 112
9 113
9 93
9 76
9 149
9 58
113 57
113 69
93 39
93 176
76 58
76 149
149 58
58 92
10 41
10 32
10 12
41 12
41 32
32 12
11 154
11 74
154 44
154 74
154 133
74 175
13 29
13 51
13 102
29 51
102 14
102 18
102 85
102 159
14 85
14 18
14 159
85 18
159 21
159 174
159 180
15 160
15 89
15 173
15 145
15 95
15 117
15 131
160 131
160 145
89 95
89 134
89 103
173 54
173 118
173 163
145 50
145 131
95 36
95 62
95 98
95 152
117 30
117 31
117 134
117 143
117 174
117 177
117 118
117 121
16 53
16 164
53 130
53 137
53 115
53 164
53 78
17 139
17 183
17 107
17 172
139 20
139 52
139 165
139 152
183 107
183 172
107 172
19 121
19 92
121 92
92 96
20 67
20 99
20 135
67 99
67 135
99 50
99 135
99 130
99 127
99 146
21 180
21 174
180 174
22 153
22 114
22 147
22 104
153 114
153 147
114 147
104 155
104 162
104 167
23 25
23 138
23 96
25 138
25 96
138 96
96 112
24 68
24 143
24 130
68 130
68 143
143 130
143 163
26 88
26 42
26 82
26 142
88 42
88 142
42 73
42 142
82 111
142 73
134 30
134 31
30 31
28 109
28 91
109 91
91 90
31 177
177 40
177 44
177 184
33 115
33 46
33 106
33 37
33 48
115 78
115 137
46 37
46 106
106 37
106 103
48 146
48 77
48 127
34 110
34 161
34 79
110 79
110 161
161 79
35 151
35 56
151 73
151 100
151 150
36 141
36 98
36 62
141 50
141 72
141 94
98 62
98 133
62 39
62 158
39 158
39 176
158 63
158 112
158 124
40 44
40 184
44 184
73 100
73 150
43 47
43 61
43 70
47 61
47 70
61 70
146 127
77 108
77 84
77 132
49 116
49 64
116 64
50 63
50 94
50 72
63 124
63 112
94 72
52 165
52 152
165 152
137 78
54 163
54 118
163 118
55 66
57 69
59 97
59 157
59 166
59 155
97 157
97 166
157 166
155 162
155 167
124 112
71 144
100 150
175 90
75 126
108 84
108 132
84 132
80 86
83 140
162 167
119 168
119 181
168 181
